001011140000000000000549024180000000000305170590950000000003239110005000000000068021
001011140000000000000549169880000000000305170590950000000000360960005000000000007580
001011140000000000000549173180000000000305170590950000000003292370005000000000069140
001011140000000000000549173180000000000305170590950000000000098770005000000000000000
001011140000000000000549180180000000000305170590950000000007738690005000000000162512
001011140000000000000549180180000000000305170590950000000000232170005000000000000000
001011140000000000000549188680000000000305170590950000000002053260005000000000043118
001011140000000000000549188680000000000305170590950000000000061600005000000000000000
001011140000000000000549195980000000000305170590950000000001899020005000000000039879
001011140000000000000549196180000000000305170590950000000001899020005000000000039879
001011140000000000000549318780000000000305170590950000000004551720005000000000095586
001011140000000000000549318780000000000305170590950000000000136550005000000000000000
001011140000000000000549404680000000000305170590950000000000715740005000000000015031
001011140000000000000549575180000000000305170590950000000001107630005000000000023260
001011140000000000000549575780000000000305170590950000000000551400005000000000011579
001011140000000000000549823780000000000305170590950000000001395600005000000000029308
001011140000000000000549825580000000000305170590950000000022122170005000000000464563
001011140000000000000549825580000000000305170590950000000000663660005000000000000000
001011140000000000000549831780000000000305170590950000000000447350005000000000009394
001011140000000000000549848480000000000305170590950000000000715740005000000000015031
001011140000000000000549849280000000000305170590950000000001111200005000000000023335
001011140000000000000549898280000000000305170590950000000000240730005000000000005055
001011140000000000000550059680000000000305170590950000000001109330005000000000023296
001011140000000000000550061680000000000305170590950000000000480130005000000000010083
001011140000000000000550063080000000000305170590950000000001328570005000000000027900
001011140000000000000550072980000000000305170590950000000000585620005000000000012298
001011140000000000000550076680000000000305170590950000000002311190005000000000048535
001011140000000000000550076680000000000305170590950000000000069330005000000000000000
001011140000000000000550298780000000000305170590950000000000898730005000000000018873
001011140000000000000550312980000000000305170590950000000003256420005000000000068385
001011140000000000000550312980000000000305170590950000000000097690005000000000000000
001011140000000000000550316480000000000305170590950000000000733490005000000000015403
001011140000000000000550365680000000000305170590950000000001009010005000000000021189
001011140000000000000550365680000000000305170590950000000000000000005000000000000000
001011140000000000000550370980000000000305170590950000000003740000005000000000078540
001011140000000000000550370980000000000305170590950000000000112200005000000000000000
001011140000000000000550532180000000000305170590950000000005610000005000000000117810
001011140000000000000550532180000000000305170590950000000000168300005000000000000000
001011140000000000000550537880000000000305170590950000000001079190005000000000022663
001011140000000000000550542880000000000305170590950000000001660820005000000000034877
001011140000000000000550542880000000000305170590950000000000000000005000000000000000
001011140000000000000550542880000000000305170590950000000000000000005000000000000000
001011140000000000000550562080000000000305170590950000000002813040005000000000059074
001011140000000000000550562080000000000305170590950000000000084390005000000000000000
001011140000000000000550922980000000000305170590950000000002226960005000000000046766
001011140000000000000550922980000000000305170590950000000000066810005000000000000000
001011140000000000000550932080000000000305170590950000000001142540005000000000023993
001011140000000000000550936280000000000305170590950000000003939780005000000000082735
001011140000000000000550936280000000000305170590950000000000118200005000000000000000
001011140000000000000551172480000000000305170590950000000000734080005000000000015416
001011140000000000000551176780000000000305170590950000000001657070005000000000034798
001011140000000000000551176780000000000305170590950000000000000000005000000000000000
001011140000000000000551186880000000000305170590950000000001364920005000000000028663
001011140000000000000551276480000000000305170590950000000002572500005000000000054022
001011140000000000000551276480000000000305170590950000000000077170005000000000000000
001011140000000000000551395980000000000305170590950000000001071740005000000000022507
