001003010000000000000276239180000000000305169684310000000000278440005000000000005847
001003010000000000000276240080000000000305169684310000000002073080005000000000043535
001003010000000000000276240080000000000305169684310000000000062190005000000000000000
001003010000000000000276240180000000000305169684310000000013506080005000000000283628
001003010000000000000276240180000000000305169684310000000000405180005000000000000000
001003010000000000000276240380000000000305169684310000000005051600005000000000106084
001003010000000000000276240380000000000305169684310000000000151550005000000000000000
001003010000000000000276355680000000000305169684310000000001868630005000000000039241
001003010000000000000276360280000000000305169684310000000001358040005000000000028519
001003010000000000000276360480000000000305169684310000000004515960005000000000094835
001003010000000000000276360480000000000305169684310000000000135480005000000000000000
001003010000000000000276431280000000000305169684310000000002685600005000000000056398
001003010000000000000276431280000000000305169684310000000000080570005000000000000000
001003010000000000000276431280000000000305169684310000000000000000005000000000000000
001003010000000000000276438580000000000305169684310000000003703610005000000000077776
001003010000000000000276438580000000000305169684310000000000111110005000000000000000
001003010000000000000276512380000000000305169684310000000000923650005000000000019397
001003010000000000000276631780000000000305169684310000000000392900005000000000008251
001003010000000000000276633180000000000305169684310000000000716640005000000000015049
001003010000000000000276633280000000000305169684310000000024741420005000000000519570
001003010000000000000276633280000000000305169684310000000000742240005000000000000000
001003010000000000000276679880000000000305169684310000000000623960005000000000013103
001003010000000000000276679980000000000305169684310000000000623960005000000000013103
001003010000000000000276742980000000000305169684310000000000194830005000000000004091
001003010000000000000276759380000000000305169684310000000001234330005000000000025921
001003010000000000000276759380000000000305169684310000000000000000005000000000000000
001003430000000000000029247980000000000305169684310000000000729400005000000000015317
001003800000000000000010051680000000000305169684310000000000556400005000000000011684
001003800000000000000010129280000000000305169684310000000001885020005000000000039585
001003800000000000000010204380000000000305169684310000000018257580005000000000383409
001003800000000000000010204380000000000305169684310000000000547730005000000000000000
001003800000000000000010207480000000000305169684310000000018257580005000000000383409
001003800000000000000010207480000000000305169684310000000000547730005000000000000000
001003800000000000000010208080000000000305169684310000000018257580005000000000383409
001003800000000000000010208080000000000305169684310000000000547730005000000000000000
001003800000000000000010392080000000000305169684310000000000535500005000000000011246
001003800000000000000010534380000000000305169684310000000001274020005000000000026754
001003800000000000000010602480000000000305169684310000000002868750004000000000030122
001003800000000000000010602480000000000305169684310000000001437460005000000000030187
001003800000000000000010602480000000000305169684310000000000043030005000000000000000
001003800000000000000010602480000000000305169684310000000000043120005000000000000000
001003800000000000000010844780000000000305169684310000000000599820005000000000012596
001003800000000000000011076080000000000305169684310000000004514660005000000000094808
001003800000000000000011076080000000000305169684310000000000135440005000000000000000
001003800000000000000011265180000000000305169684310000000001738440005000000000036507
001003800000000000000011485880000000000305169684310000000001848750005000000000038824
001011070000000000000148886680000000000305169684310000000000404240005000000000008489
001011070000000000000148896380000000000305169684310000000007948800005000000000166925
001011070000000000000148896380000000000305169684310000000000238460005000000000000000
001011070000000000000148970880000000000305169684310000000001650250005000000000034655
001011070000000000000149066580000000000305169684310000000001369560005000000000028761
001011070000000000000149176780000000000305169684310000000001481380005000000000031109
001011140000000000000548768980000000000305169684310000000003492190005000000000073336
001011140000000000000548768980000000000305169684310000000000104770005000000000000000
001011140000000000000548914580000000000305169684310000000001111500005000000000023342
001011140000000000000549188680000000000305169684310000000002053260005000000000043118
001011140000000000000549188680000000000305169684310000000000061600005000000000000000
001011140000000000000549318780000000000305169684310000000004551720005000000000095586
001011140000000000000549318780000000000305169684310000000000136550005000000000000000
001011140000000000000549404680000000000305169684310000000000715740005000000000015031
001011140000000000000549575180000000000305169684310000000001107630005000000000023260
001011140000000000000549848480000000000305169684310000000000715740005000000000015031
001000290000000000000044420380000000000336750987490000000016164770006000000000436449
001000290000000000000044420380000000000336750987490000000000000000006000000000000000
006000290000000000001699195680000000000336750987490000000006992450006000000000188796
006000290000000000001699195680000000000336750987490000000001198850006000000000000000
006000290000000000001699195680000000000336750987490000000000000000006000000000000000
