001001070000000000000644186680000000000305388806270000000004265580004000000000044789
001001070000000000000644186680000000000305388806270000000000063980004000000000000000
001001070000000000000644186680000000000305388806270000000015552300005000000000326598
001001070000000000000644186680000000000305388806270000000000466660005000000000000000
001001070000000000000644186780000000000305388806270000000002682150005000000000056326
001001070000000000000644186780000000000305388806270000000000080460005000000000000000
001001180000000000000287228580000000000305388806270000000002211470005000000000046441
001001180000000000000287228580000000000305388806270000000000066340005000000000000000
001001180000000000000287360980000000000305388806270000000004091810005000000000085929
001001180000000000000287360980000000000305388806270000000000122760005000000000000000
001001180000000000000287361080000000000305388806270000000001238750005000000000026014
001001180000000000000287476280000000000305388806270000000003136670005000000000065870
001001180000000000000287476280000000000305388806270000000000094110005000000000000000
001001180000000000000287715180000000000305388806270000000001222790005000000000025679
001001180000000000000287715280000000000305388806270000000003917300005000000000082263
001001180000000000000287715280000000000305388806270000000000117510005000000000000000
001001180000000000000287885180000000000305388806270000000000653160005000000000013716
001001180000000000000289495580000000000305388806270000000001529830005000000000032126
001001180000000000000289495680000000000305388806270000000002524550005000000000053015
001001180000000000000289495680000000000305388806270000000000075740005000000000000000
001001180000000000000289745280000000000305388806270000000005594170005000000000117477
001001180000000000000289745280000000000305388806270000000000167810005000000000000000
001001180000000000000289745380000000000305388806270000000000784890005000000000016483
001001180000000000000289832780000000000305388806270000000006904090005000000000144985
001001180000000000000289832780000000000305388806270000000000207110005000000000000000
001001180000000000000289832880000000000305388806270000000000993760005000000000020869
001001180000000000000290055580000000000305388806270000000004259300005000000000089445
001001180000000000000290055580000000000305388806270000000000127780005000000000000000
001001180000000000000290303280000000000305388806270000000001727760005000000000036283
001001180000000000000290303380000000000305388806270000000003259010005000000000068439
001001180000000000000290303380000000000305388806270000000000097770005000000000000000
001001180000000000000290441580000000000305388806270000000002792620005000000000058644
001001180000000000000290441580000000000305388806270000000000083770005000000000000000
001001180000000000000290441680000000000305388806270000000000555700005000000000011670
001001180000000000000290517080000000000305388806270000000003325640005000000000069839
001001180000000000000290517080000000000305388806270000000000099770005000000000000000
001001180000000000000290517180000000000305388806270000000002714800005000000000057011
001001180000000000000290517180000000000305388806270000000000081440005000000000000000
001001180000000000000290656480000000000305388806270000000004963100005000000000104225
001001180000000000000290656480000000000305388806270000000000148890005000000000000000
001001180000000000000290656580000000000305388806270000000000411700005000000000008646
001001180000000000000290667480000000000305388806270000000005140610005000000000107953
001001180000000000000290667480000000000305388806270000000000154220005000000000000000
001001180000000000000290667580000000000305388806270000000003609360005000000000075797
001001180000000000000290667580000000000305388806270000000000108280005000000000000000
001001180000000000000290667680000000000305388806270000000019705020005000000000413805
001001180000000000000290667680000000000305388806270000000000591150005000000000000000
001001180000000000000290792780000000000305388806270000000009397510005000000000197348
001001180000000000000290792780000000000305388806270000000000281920005000000000000000
001001180000000000000290826080000000000305388806270000000001401860005000000000029439
001001180000000000000290971380000000000305388806270000000000515390005000000000010823
001001180000000000000291078080000000000305388806270000000018514690005000000000388809
001001180000000000000291078080000000000305388806270000000000555420005000000000000000
001001180000000000000291143180000000000305388806270000000000520830005000000000010937
001001180000000000000291143280000000000305388806270000000001060050005000000000022261
001001180000000000000291143280000000000305388806270000000000000000005000000000000000
001001180000000000000291143380000000000305388806270000000002304880005000000000048402
001001180000000000000291143380000000000305388806270000000000069150005000000000000000
001001180000000000000291309480000000000305388806270000000004309440005000000000090498
001001180000000000000291309480000000000305388806270000000000129280005000000000000000
001001180000000000000291309580000000000305388806270000000001835740005000000000038551
001001180000000000000291515180000000000305388806270000000004270100005000000000089673
001001180000000000000291515180000000000305388806270000000000128100005000000000000000
001001180000000000000291515280000000000305388806270000000000679280004000000000007132
001001180000000000000291524280000000000305388806270000000002538780005000000000053314
001001180000000000000291524280000000000305388806270000000000076160005000000000000000
001001180000000000000291524380000000000305388806270000000002542770005000000000053398
001001180000000000000291524380000000000305388806270000000000076280005000000000000000
001001180000000000000291681780000000000305388806270000000008072310005000000000169519
001001180000000000000291681780000000000305388806270000000000242160005000000000000000
001001180000000000000291681880000000000305388806270000000000432320005000000000009079
001001180000000000000291814380000000000305388806270000000001585060005000000000033286
001001180000000000000291814480000000000305388806270000000003004250005000000000063090
001001180000000000000291814480000000000305388806270000000000090120005000000000000000
001001180000000000000292077780000000000305388806270000000000871580005000000000018303
001001180000000000000292077880000000000305388806270000000001987520005000000000041738
001001180000000000000292077980000000000305388806270000000004770220005000000000100174
001001180000000000000292077980000000000305388806270000000000143110005000000000000000
001001180000000000000292281180000000000305388806270000000024503250005000000000514568
001001180000000000000292281180000000000305388806270000000000735090005000000000000000
001001180000000000000292281280000000000305388806270000000000699330005000000000014686
001001180000000000000292281380000000000305388806270000000001206800005000000000025343
001001180000000000000292281480000000000305388806270000000000942170005000000000019786
001001180000000000000292289880000000000305388806270000000001738850005000000000036516
001001180000000000000292417080000000000305388806270000000000516710005000000000010851
001001180000000000000292417080000000000305388806270000000000000000005000000000000000
001001180000000000000292417180000000000305388806270000000000728540005000000000015299
001001180000000000000293200680000000000305388806270000000001605120005000000000033708
001001180000000000000293200780000000000305388806270000000002876460005000000000060406
001001180000000000000293200780000000000305388806270000000000086300005000000000000000
001001180000000000000293200880000000000305388806270000000000221820005000000000004658
001001180000000000000293333080000000000305388806270000000001004880005000000000021102
001001180000000000000293366080000000000305388806270000000004409570005000000000092597
001001180000000000000293366080000000000305388806270000000000132300005000000000000000
001001180000000000000293497680000000000305388806270000000004520640005000000000094933
001001180000000000000293497680000000000305388806270000000000135620005000000000000000
001001180000000000000293497780000000000305388806270000000007069360005000000000148456
001001180000000000000293497780000000000305388806270000000000212080005000000000000000
001001180000000000000293503780000000000305388806270000000001134210005000000000023818
001001420000000000000060604580000000000306426615620000000000000080005000000000000002
001001420000000000000060604580000000000306426615620000000000000000005000000000000000
001001420000000000000060727680000000000306426615620000000003981030005000000000083602
001001440000000000000043865880000000000306426615620000000000995000005000000000020895
001000020000000000000000313780000000000307113706990000000007200000005000000000151200
001000140000000000000102193680000000000335437463690000000001086120005000000000022809
001000140000000000000102193680000000000335437463690000000000000000005000000000000000
001000140000000000000102261480000000000335437463690000000001506120005000000000031629
