001000140000000000000102407880000000000335437463690000000000342750005000000000007198
001000140000000000000102515980000000000335437463690000000000577790005000000000012134
001000140000000000000102594080000000000335437463690000000001400320005000000000029407
001000140000000000000102632080000000000335437463690000000000028720005000000000000603
001000140000000000000102632080000000000335437463690000000000000000005000000000000000
001000140000000000000102670980000000000335437463690000000002582360005000000000054230
001000140000000000000102774780000000000335437463690000000000126970005000000000002666
001000140000000000000102920780000000000335437463690000000002852560005000000000059904
001000140000000000000102945680000000000335437463690000000000833700005000000000017508
001000140000000000000102945680000000000335437463690000000000000000005000000000000000
001000140000000000000102970380000000000335437463690000000001343920005000000000028222
001000140000000000000103008480000000000335437463690000000000477120005000000000010020
001000140000000000000103121380000000000335437463690000000000324880005000000000006822
001000140000000000000103136380000000000335437463690000000002271200005000000000047695
001000140000000000000103136380000000000335437463690000000000000010005000000000000000
001000140000000000000103166380000000000335437463690000000001080740005000000000022696
001000140000000000000103306480000000000335437463690000000001427920005000000000029986
001000140000000000000103582380000000000335437463690000000001279950005000000000026879
001000050000000000000000463380000000000232341031990000000005696520005000000000119627
001000050000000000000000270980000000000203863965400000000000458680005000000000009632
081000040000000000000000005680000000000307149951850000000001965290005000000000041271
001000030000000000000000222980000000000306876875700000000012617240004000000000132481
001002340000000000000000138180000000000305156372100000000000506790004000000000005321
001002340000000000000000138180000000000305156372100000000000008870004000000000000000
001020020000000000000004186199000000000000000000000000000067463350004000000000708365
001000150000000000000013732480000000000305372348450000000029798400005000000000625767
003003010000000000000008331180000000000305169684310000000076094000005000000001597974
003003010000000000000008331180000000000305169684310000000000000000005000000000000000
003003060000000000000072744080000000000305169684310000000000502860005000000000010560
003003060000000000000072744080000000000305169684310000000000000000005000000000000000
003003060000000000000072750080000000000305169684310000000000424610005000000000008917
003003060000000000000072750080000000000305169684310000000000000000005000000000000000
003003060000000000000072750680000000000305169684310000000000936790005000000000019673
003003060000000000000072750680000000000305169684310000000000000000005000000000000000
003003800000000000000000137680000000000305169684310000000003286360005000000000069014
003011140000000000000052392880000000000305169684310000000000662390005000000000013910
003011140000000000000052398980000000000305169684310000000003601730005000000000075637
001000310000000000000275131780000000000305169684310000000002725200005000000000057229
001000310000000000000275131780000000000305169684310000000000081760005000000000000000
