001003010000000000000272477280000000000305169684310000000001976800005000000000041513
001003010000000000000272519880000000000305169684310000000002312300005000000000048558
001003010000000000000272519880000000000305169684310000000000069370005000000000000000
001003010000000000000272519880000000000305169684310000000000000000005000000000000000
001003010000000000000272604480000000000305169684310000000006736020005000000000141456
001003010000000000000272604480000000000305169684310000000000202080005000000000000000
001003010000000000000272720680000000000305169684310000000010154940005000000000213254
001003010000000000000272720680000000000305169684310000000000304650005000000000000000
001003010000000000000272806480000000000305169684310000000016168350005000000000339535
001003010000000000000272806480000000000305169684310000000000485050005000000000000000
001003010000000000000272806580000000000305169684310000000001587990005000000000033348
001003010000000000000272890480000000000305169684310000000003292310005000000000069139
001003010000000000000272890480000000000305169684310000000000098770005000000000000000
001003010000000000000273581080000000000305169684310000000001007720005000000000021162
001003010000000000000274027480000000000305169684310000000002725200005000000000057229
001003010000000000000274027480000000000305169684310000000000081760005000000000000000
001003010000000000000274542080000000000305169684310000000012275640005000000000257788
001003010000000000000274542080000000000305169684310000000000368270005000000000000000
001003010000000000000274544280000000000305169684310000000002928510005000000000061499
001003010000000000000274544280000000000305169684310000000000087860005000000000000000
001003010000000000000274544480000000000305169684310000000000776150005000000000016299
001003010000000000000274544580000000000305169684310000000023144110005000000000486026
001003010000000000000274544580000000000305169684310000000000694320005000000000000000
001003010000000000000274544680000000000305169684310000000003361820005000000000070598
001003010000000000000274544680000000000305169684310000000000100850005000000000000000
001003010000000000000274544780000000000305169684310000000001169070005000000000024550
001003010000000000000274544780000000000305169684310000000000000010005000000000000000
001003010000000000000274618180000000000305169684310000000002077020005000000000043617
001003010000000000000274618180000000000305169684310000000000062310005000000000000000
001003010000000000000274745980000000000305169684310000000004633380005000000000097301
001003010000000000000274745980000000000305169684310000000000139000005000000000000000
001003010000000000000274759480000000000305169684310000000001454220005000000000030539
001003010000000000000274759580000000000305169684310000000004786840005000000000100524
001003010000000000000274759580000000000305169684310000000000143610005000000000000000
001003010000000000000274759680000000000305169684310000000000961050005000000000020182
001003010000000000000274857380000000000305169684310000000008680560005000000000182292
001003010000000000000274857380000000000305169684310000000000260420005000000000000000
001003010000000000000274865180000000000305169684310000000005146300005000000000108072
001003010000000000000274865180000000000305169684310000000000154390005000000000000000
001003010000000000000274865280000000000305169684310000000000230320005000000000004837
001003010000000000000275002080000000000305169684310000000000586480005000000000012316
001003010000000000000275003480000000000305169684310000000005738140005000000000120501
001003010000000000000275003480000000000305169684310000000000172140005000000000000000
001003010000000000000275003680000000000305169684310000000001642140005000000000034485
001003010000000000000275050380000000000305169684310000000000875730005000000000018390
001003010000000000000275131880000000000305169684310000000001189020005000000000024969
001003010000000000000275133180000000000305169684310000000015091910005000000000316930
001003010000000000000275133180000000000305169684310000000000452760005000000000000000
001003010000000000000275133280000000000305169684310000000002005750005000000000042121
001003010000000000000275133280000000000305169684310000000000060170005000000000000000
001003010000000000000275133380000000000305169684310000000019991560005000000000419823
001003010000000000000275133380000000000305169684310000000000599750005000000000000000
001003010000000000000275207580000000000305169684310000000002070550005000000000043482
001003010000000000000275207580000000000305169684310000000000062120005000000000000000
001003010000000000000275211180000000000305169684310000000000536180005000000000011260
001003010000000000000275284680000000000305169684310000000000716450005000000000015045
001003010000000000000275286080000000000305169684310000000000227860005000000000004785
001003010000000000000275286180000000000305169684310000000002905330005000000000061012
001003010000000000000275286180000000000305169684310000000000087160005000000000000000
001003010000000000000275411280000000000305169684310000000003154870005000000000066252
001003010000000000000275411280000000000305169684310000000000094650005000000000000000
001003010000000000000275412680000000000305169684310000000004365060005000000000091666
001003010000000000000275412680000000000305169684310000000000130950005000000000000000
001003010000000000000275412880000000000305169684310000000005754010005000000000120834
001003010000000000000275412880000000000305169684310000000000172620005000000000000000
001003010000000000000275526280000000000305169684310000000003253480005000000000068323
001003010000000000000275526280000000000305169684310000000000097600005000000000000000
001003010000000000000275527780000000000305169684310000000004646850005000000000097584
001003010000000000000275527780000000000305169684310000000000139410005000000000000000
001003010000000000000275571180000000000305169684310000000001995440005000000000041904
001003010000000000000275636180000000000305169684310000000003121910005000000000065560
001003010000000000000275636180000000000305169684310000000000093660005000000000000000
001003010000000000000275649180000000000305169684310000000009115680005000000000191429
001003010000000000000275649180000000000305169684310000000000273470005000000000000000
001003010000000000000275649280000000000305169684310000000000593990005000000000012474
001003010000000000000275649380000000000305169684310000000009480110005000000000199082
001003010000000000000275649380000000000305169684310000000000000000005000000000000000
001003010000000000000275753580000000000305169684310000000011130630005000000000233743
001003010000000000000275753580000000000305169684310000000000333920005000000000000000
001003010000000000000275755080000000000305169684310000000001988380005000000000041756
001003010000000000000275755280000000000305169684310000000028878700005000000000606453
001003010000000000000275755280000000000305169684310000000000866360005000000000000000
001003010000000000000275828880000000000305169684310000000000167830005000000000003524
001003010000000000000275828880000000000305169684310000000000000000005000000000000000
001003010000000000000275905980000000000305169684310000000005761240005000000000120986
001003010000000000000275905980000000000305169684310000000000172840005000000000000000
001003010000000000000275906180000000000305169684310000000001874620005000000000039367
001003010000000000000275907580000000000305169684310000000001663960005000000000034943
001003010000000000000275907680000000000305169684310000000009260990005000000000194481
001003010000000000000275907680000000000305169684310000000000277830005000000000000000
001003010000000000000275945480000000000305169684310000000001381290005000000000029007
001003010000000000000275950680000000000305169684310000000005818400005000000000122186
001003010000000000000275950680000000000305169684310000000000174550005000000000000000
001003010000000000000276013980000000000305169684310000000002995380005000000000062903
001003010000000000000276013980000000000305169684310000000000089860005000000000000000
001003010000000000000276014080000000000305169684310000000000636520005000000000013367
001003010000000000000276014080000000000305169684310000000000000000005000000000000000
001003010000000000000276014180000000000305169684310000000016369830005000000000343766
001003010000000000000276014180000000000305169684310000000000491090005000000000000000
001003010000000000000276016580000000000305169684310000000001318010005000000000027678
001003010000000000000276016680000000000305169684310000000001318010005000000000027678
001003010000000000000276016780000000000305169684310000000001650240005000000000034655
001003010000000000000276058680000000000305169684310000000067221400005000000001411649
001003010000000000000276058680000000000305169684310000000002016640005000000000000000
001003010000000000000276126080000000000305169684310000000006084950005000000000127784
001003010000000000000276126080000000000305169684310000000000182550005000000000000000
001003010000000000000276129280000000000305169684310000000002274530005000000000047765
001003010000000000000276129280000000000305169684310000000000068240005000000000000000
