001011070000000000000149883880000000000305170590950000000004136900005000000000086875
001011070000000000000149883880000000000305170590950000000000124110005000000000000000
001011070000000000000149890980000000000305170590950000000000756780005000000000015892
001011070000000000000149911080000000000305170590950000000001364510005000000000028655
001011070000000000000149911080000000000305170590950000000000000000005000000000000000
001011070000000000000149915380000000000305170590950000000005145850005000000000108063
001011070000000000000149915380000000000305170590950000000000154370005000000000000000
001011070000000000000149916080000000000305170590950000000001497750005000000000031453
001011070000000000000149932680000000000305170590950000000001639800005000000000034436
001011070000000000000149932680000000000305170590950000000000000000005000000000000000
001011070000000000001488649080000000000305170590950000000001936080005000000000040658
001011140000000000000547171380000000000305170590950000000005610000005000000000117810
001011140000000000000547171380000000000305170590950000000000168300005000000000000000
001011140000000000000547176180000000000305170590950000000002193180005000000000046057
001011140000000000000547176180000000000305170590950000000000065800005000000000000000
001011140000000000000547544680000000000305170590950000000002435650005000000000051149
001011140000000000000547544680000000000305170590950000000000073070005000000000000000
001011140000000000000547552480000000000305170590950000000005015400005000000000105324
001011140000000000000547552480000000000305170590950000000000150460005000000000000000
001011140000000000000547566380000000000305170590950000000016791070005000000000352613
001011140000000000000547566380000000000305170590950000000000503730005000000000000000
001011140000000000000547569980000000000305170590950000000002844600005000000000059737
001011140000000000000547569980000000000305170590950000000000000000005000000000000000
001011140000000000000547573280000000000305170590950000000002281380005000000000047909
001011140000000000000547573280000000000305170590950000000000068440005000000000000000
001011140000000000000547585280000000000305170590950000000014907250005000000000313052
001011140000000000000547585280000000000305170590950000000000447220005000000000000000
001011140000000000000547653680000000000305170590950000000000814790005000000000017111
001011140000000000000547656180000000000305170590950000000000482790005000000000010139
001011140000000000000547656180000000000305170590950000000000000000005000000000000000
001011140000000000000547792680000000000305170590950000000000213190005000000000004477
001011140000000000000547792680000000000305170590950000000000000000005000000000000000
001011140000000000000547799780000000000305170590950000000006828240005000000000143393
001011140000000000000547799780000000000305170590950000000000000000005000000000000000
001011140000000000000547812680000000000305170590950000000000141180005000000000002965
001011140000000000000547838180000000000305170590950000000008022320005000000000168468
001011140000000000000547838180000000000305170590950000000000240670005000000000000000
001011140000000000000547890780000000000305170590950000000000120360005000000000002528
001011140000000000000547897580000000000305170590950000000000447640005000000000009400
001011140000000000000547897580000000000305170590950000000000000000005000000000000000
001011140000000000000547914280000000000305170590950000000002389560005000000000050181
001011140000000000000547914280000000000305170590950000000000071690005000000000000000
001011140000000000000547932080000000000305170590950000000006239760005000000000131034
001011140000000000000547932080000000000305170590950000000000187190005000000000000000
001011140000000000000547938080000000000305170590950000000002687750005000000000056443
001011140000000000000547950780000000000305170590950000000000323950005000000000006803
001011140000000000000547954480000000000305170590950000000005723070005000000000120184
001011140000000000000547954480000000000305170590950000000000171690005000000000000000
001011140000000000000548002980000000000305170590950000000002037200005000000000042781
001011140000000000000548002980000000000305170590950000000000061120005000000000000000
001011140000000000000548170980000000000305170590950000000003665100005000000000076967
001011140000000000000548170980000000000305170590950000000000109950005000000000000000
001011140000000000000548176980000000000305170590950000000002781540005000000000058412
001011140000000000000548176980000000000305170590950000000000083450005000000000000000
001011140000000000000548407880000000000305170590950000000000440960005000000000009260
001011140000000000000548433180000000000305170590950000000005569980005000000000116972
001011140000000000000548433180000000000305170590950000000000167100005000000000000000
001011140000000000000548530180000000000305170590950000000002317690005000000000048671
001011140000000000000548530180000000000305170590950000000000069520005000000000000000
001011140000000000000548669880000000000305170590950000000000473010005000000000009933
001011140000000000000548695480000000000305170590950000000000252680005000000000005306
001011140000000000000548768980000000000305170590950000000003492190005000000000073336
001011140000000000000548768980000000000305170590950000000000104770005000000000000000
001011140000000000000548902380000000000305170590950000000001435730005000000000030150
001011140000000000000548914580000000000305170590950000000001111500005000000000023342
001011140000000000000548919180000000000305170590950000000000206680005000000000004340
001011140000000000000549012380000000000305170590950000000000197910005000000000004156
