081000130000000000000000023580000000000272312485310000000004669430005000000000098058
001003310000000000000029346980000000000305799390080000000000681170005000000000014305
001003350000000000000017044180000000000305799390080000000001234270005000000000025920
001000040000000000000000754980000000000201447616270000000003477280005000000000073023
001000040000000000000000768180000000000201447616270000000000519720005000000000010914
001000040000000000000000773980000000000201447616270000000000580000005000000000012180
001000040000000000000000773980000000000201447616270000000000000000005000000000000000
001082020000000000002124243980000000000306394537380000000000782570006000000000021129
001082040000000000002117438380000000000306394537380000000000750800006000000000020272
001082040000000000002117440280000000000306394537380000000000614760006000000000016599
001082050000000000002115291480000000000306394537380000000001160980006000000000031346
001000010000000000000000885180000000000202550146260000000013900000005000000000291900
001000100000000000000000673780000000000306581270940000000112545760005000000002363461
001000100000000000000000673880000000000306581270940000000007162540005000000000150413
001000130000000000000001053080000000000306581270940000000003370200005000000000070774
001001110000000000000120464880000000000306825194160000000037491130005000000000787314
001001110000000000000120464880000000000306825194160000000001124730005000000000000000
001001110000000000000120465780000000000306825194160000000003468720005000000000072843
001001110000000000000120465780000000000306825194160000000000104050005000000000000000
001001110000000000000120465780000000000306825194160000000000000000005000000000000000
