001011140000000000000551424480000000000305170590950000000009069960005000000000190469
001011140000000000000551424480000000000305170590950000000000272100005000000000000000
001011140000000000000551469080000000000305170590950000000006399670005000000000134393
001011140000000000000551505380000000000305170590950000000004186240005000000000087911
001011140000000000000551505380000000000305170590950000000000125590005000000000000000
001011140000000000000551627180000000000305170590950000000000599760005000000000012595
001011140000000000000551627480000000000305170590950000000001879840005000000000039477
001011140000000000000551631680000000000305170590950000000010465610005000000000219778
001011140000000000000551631680000000000305170590950000000000000000005000000000000000
001011140000000000000551639880000000000305170590950000000004516870005000000000094855
001011140000000000000551639880000000000305170590950000000000135510005000000000000000
001011140000000000000551653780000000000305170590950000000001488720005000000000031263
001011140000000000000551856680000000000305170590950000000000474410005000000000009963
001011140000000000000551872580000000000305170590950000000000716200005000000000015040
001011140000000000000551888280000000000305170590950000000026048990005000000000547029
001011140000000000000551888280000000000305170590950000000000781470005000000000000000
001011140000000000000551935180000000000305170590950000000000697480005000000000014647
001011140000000000000552028880000000000305170590950000000000239900005000000000005038
001011140000000000000552080580000000000305170590950000000000623430005000000000013092
001011140000000000000552273880000000000305170590950000000000466370005000000000009794
001011140000000000000552287680000000000305170590950000000001985220005000000000041690
001011140000000000000552293480000000000305170590950000000007123530005000000000149594
001011140000000000000552293480000000000305170590950000000000213710005000000000000000
001011140000000000000552501280000000000305170590950000000000967050005000000000020308
001011140000000000000552506780000000000305170590950000000006971120005000000000146394
001011140000000000000552506780000000000305170590950000000000209130005000000000000000
001011140000000000000552516880000000000305170590950000000000690860005000000000014508
001011140000000000000552601880000000000305170590950000000003740000005000000000078540
001011140000000000000552601880000000000305170590950000000000112200005000000000000000
001011140000000000000552725180000000000305170590950000000000393010005000000000008253
001011140000000000000552725280000000000305170590950000000000535340005000000000011242
001011140000000000000552729380000000000305170590950000000000555820005000000000011672
001011140000000000000552735380000000000305170590950000000002856920005000000000059994
001011140000000000000552735380000000000305170590950000000000085700005000000000000000
001011140000000000000552739180000000000305170590950000000000419080005000000000008801
001011140000000000000552742180000000000305170590950000000006152430005000000000129201
001011140000000000000552742180000000000305170590950000000000184570005000000000000000
001011140000000000000552745980000000000305170590950000000005429800005000000000114026
001011140000000000000552745980000000000305170590950000000000000000005000000000000000
001011140000000000000552748880000000000305170590950000000001381950005000000000029021
001011140000000000000552748880000000000305170590950000000000000000005000000000000000
001011140000000000000552969380000000000305170590950000000002267190005000000000047611
001011140000000000000552969380000000000305170590950000000000068020005000000000000000
001011140000000000000552979680000000000305170590950000000022386840005000000000470124
001011140000000000000552979680000000000305170590950000000000671610005000000000000000
001011140000000000000553056780000000000305170590950000000001854320005000000000038941
001011140000000000000553140880000000000305170590950000000005966420005000000000125294
001011140000000000000553140880000000000305170590950000000000179000005000000000000000
001019110000000000000149600680000000000305170590950000000000583760005000000000012259
011000000000000000003330060899000000000000000000000000000000332790006000000000008985
011000000000000000003330060899000000000000000000000000000000000000006000000000000000
011000000000000000003342384099000000000000000000000000000001227000006000000000033554
011000000000000000003342384099000000000000000000000000000000000000006000000000000000
011000000000000000003342412399000000000000000000000000000004395550006000000000118680
011000000000000000003342412399000000000000000000000000000000000000006000000000000000
011000000000000000003342515899000000000000000000000000000001118390006000000000030197
011000000000000000003342515899000000000000000000000000000000000000006000000000000000
001001070000000000000637853880000000000305388806270000000000926960005000000000019466
001001070000000000000638037580000000000305388806270000000007491010005000000000157312
001001070000000000000638037580000000000305388806270000000000224730005000000000000000
001001070000000000000641447680000000000305388806270000000005796720004000000000060866
001001070000000000000641447680000000000305388806270000000019065350005000000000400372
001001070000000000000641447680000000000305388806270000000000086950005000000000000000
001001070000000000000641447680000000000305388806270000000000571930005000000000000000
001001070000000000000641447780000000000305388806270000000000490000005000000000010290
001001070000000000000643031180000000000305388806270000000001263520005000000000026534
