001000120000000000000001108980000000000335761368090000000219829640005000000004616422
003011140000000000000052392880000000000305170590950000000000662390005000000000013910
003011140000000000000052398980000000000305170590950000000003601730005000000000075637
003011140000000000000052398980000000000305170590950000000000000000005000000000000000
003011140000000000000052489380000000000305170590950000000001682860005000000000035340
001000110000000000000552092780000000000305170590950000000017302670005000000000363356
001000110000000000000552092780000000000305170590950000000000517870005000000000000000
001011070000000000000148523080000000000305170590950000000001843870005000000000038721
001011070000000000000148523180000000000305170590950000000000627950005000000000013187
001011070000000000000148534080000000000305170590950000000005425940005000000000113945
001011070000000000000148534080000000000305170590950000000000162780005000000000000000
001011070000000000000148546480000000000305170590950000000009346920005000000000196285
001011070000000000000148546480000000000305170590950000000000280410005000000000000000
001011070000000000000148556280000000000305170590950000000003528570005000000000074100
001011070000000000000148556280000000000305170590950000000000105860005000000000000000
001011070000000000000148566180000000000305170590950000000001487990005000000000031248
001011070000000000000148573080000000000305170590950000000001080700005000000000022695
001011070000000000000148589480000000000305170590950000000002541510005000000000053372
001011070000000000000148589480000000000305170590950000000000076250005000000000000000
001011070000000000000148589580000000000305170590950000000000120360005000000000002528
001011070000000000000148591980000000000305170590950000000002139010005000000000044919
001011070000000000000148591980000000000305170590950000000000064170005000000000000000
001011070000000000000148592880000000000305170590950000000003822500005000000000080272
001011070000000000000148592880000000000305170590950000000000114670005000000000000000
001011070000000000000148603380000000000305170590950000000001271620005000000000026704
001011070000000000000148611480000000000305170590950000000001357620005000000000028510
001011070000000000000148612680000000000305170590950000000000298420005000000000006267
001011070000000000000148612680000000000305170590950000000000000000005000000000000000
001011070000000000000148622480000000000305170590950000000001023680005000000000021497
001011070000000000000148622580000000000305170590950000000000511840005000000000010749
001011070000000000000148625380000000000305170590950000000000644240005000000000013529
001011070000000000000148625380000000000305170590950000000000000000005000000000000000
001011070000000000000148652280000000000305170590950000000000273140005000000000005736
001011070000000000000148653680000000000305170590950000000000744910005000000000015643
001011070000000000000148653780000000000305170590950000000002374000005000000000049854
001011070000000000000148653780000000000305170590950000000000071220005000000000000000
001011070000000000000148698380000000000305170590950000000001862280005000000000039108
001011070000000000000148703080000000000305170590950000000000816140005000000000017139
001011070000000000000148706780000000000305170590950000000001481380005000000000031109
001011070000000000000148706780000000000305170590950000000000000000005000000000000000
001011070000000000000148776280000000000305170590950000000000649490005000000000013639
001011070000000000000148783580000000000305170590950000000000281170005000000000005905
001011070000000000000148783580000000000305170590950000000000000000005000000000000000
001011070000000000000148828080000000000305170590950000000004710000005000000000098910
001011070000000000000148828080000000000305170590950000000000141300005000000000000000
