001000410000000000000000205080000000000307080650360000000031575720005000000000663090
001000410000000000000000206680000000000307080650360000000015120500005000000000317531
001000060000000000000000903480000000000202341188200000000006611580005000000000138842
001000040000000000000000033780000000000202111281520000000000793190005000000000016657
001000090000000000000000018480000000000201751421190000000000724300005000000000015210
081000480000000000000000259580000000000305183147140000000003718920005000000000078097
001000060000000000000003182880000000000307100767890000000003801640005000000000079836
001000020000000000000000007780000000000307119329800000000039692310004000000000416769
001000100000000000000000453880000000000201468196810000000003200000005000000000067200
001000100000000000000000464780000000000201468196810000000003200000005000000000067200
081000020000000000000000307280000000000307146239110000000000049590005000000000001041
081000020000000000000000307680000000000307146239110000000001161140005000000000024384
081000020000000000000000307980000000000307146239110000000000049590005000000000001041
081000020000000000000000308280000000000307146239110000000000049590005000000000001041
081000020000000000000000308380000000000307146239110000000000024790005000000000000521
001000020000000000000000067780000000000337115318290000000025000000005000000000525000
081000020000000000000000513480000000000307141460990000000002644630005000000000055537
001000050000000000000000101780000000000200720314080000000002090900005000000000043909
001000050000000000000000101880000000000200720314080000000002269000005000000000047649
001000050000000000000000935080000000000271847647470000000002892560005000000000060744
081000220000000000000000001380000000000202316168110000000008181820005000000000171818
001082040000000000002117442580000000000306394537380000000001652850006000000000044627
001082040000000000002119677580000000000306394537380000000001618740006000000000043706
001082050000000000002115293780000000000306394537380000000001240450006000000000033492
001082050000000000002115293780000000000306394537380000000000197000005000000000004137
001000100000000000000011409680000000000305000911810000000000108600004000000000001140
001000100000000000000011426480000000000305000911810000000000108600004000000000001140
001000020000000000000000942180000000000306554339170000000000677690005000000000014231
001000020000000000000000944080000000000306554339170000000001355370005000000000028463
001000290000000000000044427080000000000336750987490000000042931270006000000001159144
001001060000000000000145365480000000000306578657250000000000295220005000000000006200
011001050000000000000000962180000000000306578657250000000000772740006000000000020864
001000030000000000000000014180000000000306208956830000000001761040005000000000036982
001000190000000000000000291380000000000307077138400000000101553720005000000002132628
006000290000000000001709216380000000000336750987490000000000151270006000000000004084
001000400000000000000000003580000000000306418715470000000028925620005000000000607438
001004710000000000000152040280000000000306394537380000000007080000005000000000148680
001000040000000000000000024880000000000306097624260000000003239670005000000000068033
001000040000000000000000025380000000000306097624260000000003239670005000000000068033
