001000150000000000000000145780000000000307109831070000000000355000005000000000007455
001000150000000000000000208980000000000307109831070000000003045000005000000000063945
003000290000000000000009982980000000000305211892030000000000360570005000000000007572
001000400000000000000006509680000000000305211892030000000000446960005000000000009386
001000400000000000000006512480000000000305211892030000000001005280005000000000021111
001000400000000000000006513080000000000305211892030000000001413720005000000000029688
001000400000000000000006514980000000000305211892030000000000823940005000000000017303
001000400000000000000006515180000000000305211892030000000000125660005000000000002639
001000400000000000000006517480000000000305211892030000000000188490005000000000003958
001000400000000000000006518380000000000305211892030000000000262760005000000000005518
001000400000000000000006520880000000000305211892030000000001647920005000000000034606
001000400000000000000006520980000000000305211892030000000000353430005000000000007422
001000400000000000000006523680000000000305211892030000000000956050005000000000020077
001000400000000000000006526680000000000305211892030000000001640780005000000000034456
001000400000000000000006528080000000000305211892030000000000729720005000000000015324
001000400000000000000006530880000000000305211892030000000000262760005000000000005518
001000400000000000000006531580000000000305211892030000000000131380005000000000002759
001000400000000000000006532080000000000305211892030000000000542640005000000000011395
001000400000000000000006535480000000000305211892030000000002274090005000000000047756
001000400000000000000006536180000000000305211892030000000000360570005000000000007572
001000400000000000000006536980000000000305211892030000000000131380005000000000002759
001000400000000000000006537180000000000305211892030000000000131380005000000000002759
001000400000000000000006537580000000000305211892030000000000721140005000000000015144
001000400000000000000006540180000000000305211892030000000001400880005000000000029418
001000400000000000000006540780000000000305211892030000000000167790005000000000003524
001000400000000000000006542680000000000305211892030000000001300210005000000000027304
001000400000000000000006545380000000000305211892030000000007960000005000000000167160
001000400000000000000006545780000000000305211892030000000000729720005000000000015324
001000400000000000000006548780000000000305211892030000000002241970005000000000047081
001000400000000000000006549080000000000305211892030000000000335580005000000000007047
001000400000000000000006551080000000000305211892030000000000926790005000000000019463
001000400000000000000006551180000000000305211892030000000000721140005000000000015144
001000400000000000000006552080000000000305211892030000000000167790005000000000003524
001000400000000000000006554280000000000305211892030000000000466960005000000000009806
001000670000000000000011240980000000000305211892030000000000863940005000000000018143
001000670000000000000011241780000000000305211892030000000000297020005000000000006237
001000670000000000000011316580000000000305211892030000000000297020005000000000006237
001000670000000000000011320380000000000305211892030000000000492660005000000000010346
001000670000000000000011337380000000000305211892030000000000297020005000000000006237
001000670000000000000011339680000000000305211892030000000000297020005000000000006237
001000670000000000000011339980000000000305211892030000000000297020005000000000006237
001000670000000000000011352680000000000305211892030000000000297020005000000000006237
001000670000000000000011353280000000000305211892030000000000297020005000000000006237
001000670000000000000011357080000000000305211892030000000000297020005000000000006237
001000670000000000000011357980000000000305211892030000000000297020005000000000006237
001000670000000000000011434280000000000305211892030000000000201960005000000000004241
001000670000000000000011436580000000000305211892030000000000297020005000000000006237
001000670000000000000011502680000000000305211892030000000000893520005000000000018764
001000670000000000000011542080000000000305211892030000000000297020005000000000006237
001000670000000000000011544680000000000305211892030000000000297020005000000000006237
001000670000000000000011557980000000000305211892030000000000760920005000000000015979
001000670000000000000011562880000000000305211892030000000000549780005000000000011545
001000670000000000000011574780000000000305211892030000000001538160005000000000032301
001000670000000000000011574980000000000305211892030000000000760920005000000000015979
001000670000000000000011591380000000000305211892030000000000880260005000000000018485
001000670000000000000011593480000000000305211892030000000000459000005000000000009639
001000670000000000000011628180000000000305211892030000000000297020005000000000006237
001000670000000000000011628280000000000305211892030000000000297020005000000000006237
001000670000000000000011727580000000000305211892030000000002392000005000000000050232
001000670000000000000011832580000000000305211892030000000004681800005000000000098318
001000670000000000000011957680000000000305211892030000000001028160005000000000021591
001000670000000000000012028680000000000305211892030000000004664460005000000000097954
001000670000000000000012045080000000000305211892030000000004205460005000000000088315
001000670000000000000012049880000000000305211892030000000000514080005000000000010796
001000670000000000000012067680000000000305211892030000000001787040005000000000037528
001000670000000000000012146480000000000305211892030000000000167790005000000000003524
001000670000000000000012334180000000000305211892030000000006918660005000000000145292
001000670000000000000012346380000000000305211892030000000000167790005000000000003524
001000670000000000000012386880000000000305211892030000000000167790005000000000003524
001000670000000000000012468080000000000305211892030000000000314160005000000000006597
001000670000000000000012519180000000000305211892030000000000065690005000000000001379
001000670000000000000012548680000000000305211892030000000000649740005000000000013645
001000670000000000000012598980000000000305211892030000000000722980005000000000015183
001000670000000000000012603380000000000305211892030000000000065690005000000000001379
001000670000000000000012612680000000000305211892030000000000649740005000000000013645
001000670000000000000012621080000000000305211892030000000003205860005000000000067323
001000670000000000000012642280000000000305211892030000000001028160005000000000021591
001000670000000000000012642380000000000305211892030000000003542460005000000000074392
001000670000000000000012651680000000000305211892030000000004420680005000000000092834
001000110000000000000006988280000000000306009814860000000002089020005000000000043869
