001011070000000000000149194380000000000305170590950000000001117190005000000000023461
001011070000000000000149205880000000000305170590950000000000191230005000000000004016
001011070000000000000149207180000000000305170590950000000000361030005000000000007582
001011070000000000000149207880000000000305170590950000000002950160005000000000061953
001011070000000000000149207880000000000305170590950000000000088510005000000000000000
001011070000000000000149223980000000000305170590950000000000289500005000000000006080
001011070000000000000149223980000000000305170590950000000000000000005000000000000000
001011070000000000000149237480000000000305170590950000000000905730005000000000019020
001011070000000000000149241180000000000305170590950000000009587960005000000000201348
001011070000000000000149241180000000000305170590950000000000287630005000000000000000
001011070000000000000149248480000000000305170590950000000001770310005000000000037177
001011070000000000000149248480000000000305170590950000000000000000005000000000000000
001011070000000000000149261580000000000305170590950000000001270750005000000000026686
001011070000000000000149263480000000000305170590950000000000224930005000000000004724
001011070000000000000149268880000000000305170590950000000000741160005000000000015564
001011070000000000000149284080000000000305170590950000000000361100005000000000007583
001011070000000000000149284080000000000305170590950000000000000000005000000000000000
001011070000000000000149290380000000000305170590950000000001904120005000000000039987
001011070000000000000149291680000000000305170590950000000002546340005000000000053474
001011070000000000000149291680000000000305170590950000000000076400005000000000000000
001011070000000000000149314480000000000305170590950000000002786500005000000000058517
001011070000000000000149314480000000000305170590950000000000083590005000000000000000
001011070000000000000149315580000000000305170590950000000000973130005000000000020435
001011070000000000000149315580000000000305170590950000000000000000005000000000000000
001011070000000000000149315680000000000305170590950000000008010290005000000000168217
001011070000000000000149315680000000000305170590950000000000240320005000000000000000
001011070000000000000149324180000000000305170590950000000000827920005000000000017386
001011070000000000000149326580000000000305170590950000000000567110005000000000011909
001011070000000000000149373380000000000305170590950000000000369640005000000000007762
001011070000000000000149434980000000000305170590950000000000452790005000000000009509
001011070000000000000149439280000000000305170590950000000028050000005000000000589050
001011070000000000000149439280000000000305170590950000000000841500005000000000000000
001011070000000000000149441480000000000305170590950000000000406440005000000000008535
001011070000000000000149462980000000000305170590950000000000278900005000000000005857
001011070000000000000149467180000000000305170590950000000001240200005000000000026044
001011070000000000000149483580000000000305170590950000000000330050005000000000006931
001011070000000000000149485680000000000305170590950000000000708960005000000000014888
001011070000000000000149485680000000000305170590950000000000000000005000000000000000
001011070000000000000149524180000000000305170590950000000002688020005000000000056448
001011070000000000000149524180000000000305170590950000000000080640005000000000000000
001011070000000000000149526780000000000305170590950000000002121960005000000000044561
001011070000000000000149526780000000000305170590950000000000063660005000000000000000
001011070000000000000149528480000000000305170590950000000001045780005000000000021961
001011070000000000000149534280000000000305170590950000000000791670005000000000016625
