001011070000000000000149536580000000000305170590950000000000260350005000000000005467
001011070000000000000149545280000000000305170590950000000000451670005000000000009485
001011070000000000000149545380000000000305170590950000000002025210005000000000042529
001011070000000000000149545380000000000305170590950000000000060760005000000000000000
001011070000000000000149546680000000000305170590950000000001650250005000000000034655
001011070000000000000149556380000000000305170590950000000001134730005000000000023829
001011070000000000000149556480000000000305170590950000000000232400005000000000004880
001011070000000000000149570280000000000305170590950000000000725540005000000000015236
001011070000000000000149570280000000000305170590950000000000000000005000000000000000
001011070000000000000149584180000000000305170590950000000002946600005000000000061879
001011070000000000000149584180000000000305170590950000000000088400005000000000000000
001011070000000000000149601680000000000305170590950000000002166630005000000000045499
001011070000000000000149601680000000000305170590950000000000065010005000000000000000
001011070000000000000149617980000000000305170590950000000000641910005000000000013480
001011070000000000000149620780000000000305170590950000000002936140005000000000061659
001011070000000000000149620780000000000305170590950000000000088080005000000000000000
001011070000000000000149636080000000000305170590950000000000708200005000000000014872
001011070000000000000149638780000000000305170590950000000001198610005000000000025171
001011070000000000000149640180000000000305170590950000000000797330005000000000016744
001011070000000000000149651580000000000305170590950000000001329040005000000000027910
001011070000000000000149651680000000000305170590950000000002154410005000000000045243
001011070000000000000149651680000000000305170590950000000000064630005000000000000000
001011070000000000000149652180000000000305170590950000000002656270005000000000055782
001011070000000000000149652180000000000305170590950000000000079690005000000000000000
001011070000000000000149652180000000000305170590950000000000000000005000000000000000
001011070000000000000149654480000000000305170590950000000000664530005000000000013955
001011070000000000000149676280000000000305170590950000000006231300005000000000130858
001011070000000000000149676280000000000305170590950000000000186940005000000000000000
001011070000000000000149676280000000000305170590950000000000000000005000000000000000
001011070000000000000149679580000000000305170590950000000000723740005000000000015199
001011070000000000000149681080000000000305170590950000000003233000005000000000067892
001011070000000000000149681080000000000305170590950000000000096990005000000000000000
001011070000000000000149685980000000000305170590950000000000583760005000000000012259
001011070000000000000149711280000000000305170590950000000001112130005000000000023355
001011070000000000000149731580000000000305170590950000000005721010005000000000120141
001011070000000000000149731580000000000305170590950000000000171620005000000000000000
001011070000000000000149731680000000000305170590950000000000758050005000000000015919
001011070000000000000149748480000000000305170590950000000000149210005000000000003133
001011070000000000000149748480000000000305170590950000000000000000005000000000000000
001011070000000000000149748880000000000305170590950000000002452350005000000000051499
001011070000000000000149748880000000000305170590950000000000073570005000000000000000
001011070000000000000149752580000000000305170590950000000001146970005000000000024087
001011070000000000000149752580000000000305170590950000000000000000005000000000000000
001011070000000000000149792880000000000305170590950000000000730950005000000000015350
001011070000000000000149797680000000000305170590950000000000966360005000000000020294
001011070000000000000149828280000000000305170590950000000016327790005000000000342884
001011070000000000000149828280000000000305170590950000000000489830005000000000000000
001011070000000000000149843980000000000305170590950000000001945580005000000000040857
001011070000000000000149847680000000000305170590950000000001834280005000000000038520
001011070000000000000149863180000000000305170590950000000000623430005000000000013092
