001011070000000000000148840180000000000305170590950000000002665510005000000000055976
001011070000000000000148840180000000000305170590950000000000079970005000000000000000
001011070000000000000148886680000000000305170590950000000000404240005000000000008489
001011070000000000000148896380000000000305170590950000000007948800005000000000166925
001011070000000000000148896380000000000305170590950000000000238460005000000000000000
001011070000000000000148897480000000000305170590950000000008313290005000000000174578
001011070000000000000148897480000000000305170590950000000000249390005000000000000000
001011070000000000000148917480000000000305170590950000000004016890005000000000084355
001011070000000000000148917480000000000305170590950000000000120500005000000000000000
001011070000000000000148925780000000000305170590950000000000226390005000000000004754
001011070000000000000148954580000000000305170590950000000002765520005000000000058076
001011070000000000000148954580000000000305170590950000000000082970005000000000000000
001011070000000000000148961280000000000305170590950000000003376980005000000000070916
001011070000000000000148961280000000000305170590950000000000101310005000000000000000
001011070000000000000148963080000000000305170590950000000000989560005000000000020780
001011070000000000000148970880000000000305170590950000000001650250005000000000034655
001011070000000000000148980380000000000305170590950000000000812370005000000000017060
001011070000000000000148993480000000000305170590950000000003435890005000000000072154
001011070000000000000148993480000000000305170590950000000000103080005000000000000000
001011070000000000000149005580000000000305170590950000000005830140005000000000122433
001011070000000000000149005580000000000305170590950000000000174900005000000000000000
001011070000000000000149006080000000000305170590950000000001524740005000000000032020
001011070000000000000149012580000000000305170590950000000002231980005000000000046872
001011070000000000000149012580000000000305170590950000000000066960005000000000000000
001011070000000000000149026880000000000305170590950000000000602500005000000000012653
001011070000000000000149027780000000000305170590950000000001756930005000000000036896
001011070000000000000149053480000000000305170590950000000003719960005000000000078119
001011070000000000000149053480000000000305170590950000000000111600005000000000000000
001011070000000000000149066580000000000305170590950000000001369560005000000000028761
001011070000000000000149066580000000000305170590950000000000000000005000000000000000
001011070000000000000149072680000000000305170590950000000002880280005000000000060486
001011070000000000000149072680000000000305170590950000000000086410005000000000000000
001011070000000000000149083080000000000305170590950000000000664530005000000000013955
001011070000000000000149085580000000000305170590950000000000609660005000000000012803
001011070000000000000149149680000000000305170590950000000002946770005000000000061883
001011070000000000000149149680000000000305170590950000000000088400005000000000000000
001011070000000000000149150780000000000305170590950000000001643000005000000000034503
001011070000000000000149163480000000000305170590950000000000431160005000000000009054
001011070000000000000149176780000000000305170590950000000001481380005000000000031109
