001000020000000000000000854980000000000307155870130000000002385600005000000000050097
001000020000000000000000855480000000000307155870130000000036952440005000000000776000
003000430000000000000000001080000000000307088325410000000007008090005000000000147170
001000190000000000000028229380000000000307088325410000000005069200005000000000106453
001000430000000000000000027780000000000307088325410000000040844400005000000000857732
001000430000000000000000027880000000000307088325410000000007008090005000000000147170
001000430000000000000000027980000000000307088325410000000014878880005000000000312456
001000430000000000000000028080000000000307088325410000000002293830005000000000048170
001000430000000000000000028180000000000307088325410000000011074080005000000000232556
001000430000000000000000028280000000000307088325410000000003428520005000000000071999
001000430000000000000000028380000000000307088325410000000003428520005000000000071999
001000430000000000000000028480000000000307088325410000000003428520005000000000071999
001000430000000000000000028580000000000307088325410000000003428520005000000000071999
001000430000000000000000028680000000000307088325410000000003428520005000000000071999
001000430000000000000000028780000000000307088325410000000003428520005000000000071999
001000430000000000000000028980000000000307088325410000000003428520005000000000071999
001000430000000000000000033780000000000307088325410000000006216010005000000000130536
001000430000000000000000055880000000000307088325410000000006102540005000000000128153
001000430000000000000000098980000000000307088325410000000006058040005000000000127219
001000430000000000000000113280000000000307088325410000000000576300005000000000012102
001000430000000000000000210280000000000307088325410000000001948640005000000000040921
001000430000000000000000225280000000000307088325410000000001949220005000000000040934
001000430000000000000000227380000000000307088325410000000000604760005000000000012700
001000430000000000000000233380000000000307088325410000000017334500005000000000364025
001000430000000000000000253680000000000307088325410000000002737060005000000000057478
001000430000000000000000271080000000000307088325410000000001810080005000000000038012
001000430000000000000000272680000000000307088325410000000000582780005000000000012238
001000430000000000000000283180000000000307088325410000000004209100005000000000088391
001000430000000000000000288280000000000307088325410000000000492200005000000000010336
001000430000000000000000299780000000000307088325410000000001147720005000000000024102
001000430000000000000000304880000000000307088325410000000001800110005000000000037802
001000430000000000000000312980000000000307088325410000000001240860005000000000026058
001000430000000000000000315880000000000307088325410000000003130800005000000000065747
001000430000000000000000318280000000000307088325410000000004583750005000000000096259
001000430000000000000000336980000000000307088325410000000003573960005000000000075053
001000430000000000000000404080000000000307088325410000000001042380005000000000021890
001000490000000000000000013780000000000307088325410000000001865070005000000000039166
001000490000000000000000028780000000000307088325410000000002948400005000000000061916
001000490000000000000000030980000000000307088325410000000000812760005000000000017068
001000490000000000000000031180000000000307088325410000000006315240005000000000132620
001000490000000000000000031480000000000307088325410000000003589350005000000000075376
001000490000000000000000088580000000000307088325410000000001804920005000000000037903
001000490000000000000000118180000000000307088325410000000008946540005000000000187877
001000490000000000000000118680000000000307088325410000000001072520005000000000022523
001000490000000000000000119580000000000307088325410000000012516060005000000000262837
001000490000000000000000119980000000000307088325410000000005835330005000000000122542
001000490000000000000000120180000000000307088325410000000001243680005000000000026117
001000490000000000000000122680000000000307088325410000000006620350005000000000139027
001000490000000000000000248480000000000307088325410000000004571040005000000000095992
001000490000000000000000250280000000000307088325410000000004552080005000000000095594
001000490000000000000000259080000000000307088325410000000000658360005000000000013826
001000490000000000000000275080000000000307088325410000000011925160005000000000250428
001000490000000000000000729180000000000307088325410000000002124590005000000000044616
001000490000000000000000729880000000000307088325410000000002277500005000000000047828
001000490000000000000000730780000000000307088325410000000002452550005000000000051504
001000490000000000000000751480000000000307088325410000000001238160005000000000026001
001000490000000000000000786680000000000307088325410000000000588150005000000000012351
001000490000000000000000814080000000000307088325410000000006517880005000000000136875
001000490000000000000000814980000000000307088325410000000008529840005000000000179127
001000490000000000000000815680000000000307088325410000000000415700005000000000008730
001000490000000000000000821480000000000307088325410000000000643620005000000000013516
001000490000000000000000830480000000000307088325410000000000942000005000000000019782
001000490000000000000000849580000000000307088325410000000000673680005000000000014147
001000490000000000000000864980000000000307088325410000000001952820005000000000041009
001000490000000000000000871480000000000307088325410000000000899520005000000000018890
001000490000000000000000872680000000000307088325410000000000821400005000000000017249
001000490000000000000000874180000000000307088325410000000003587600005000000000075340
001000490000000000000000889980000000000307088325410000000001450200005000000000030454
001000490000000000000000892380000000000307088325410000000001589220005000000000033374
001000490000000000000000919680000000000307088325410000000001270000005000000000026670
001000490000000000000000932880000000000307088325410000000000982800005000000000020639
001000490000000000000000944780000000000307088325410000000000456510005000000000009587
001000490000000000000000944880000000000307088325410000000004643040005000000000097504
001000490000000000000000957780000000000307088325410000000001646040005000000000034567
001000490000000000000000974880000000000307088325410000000001820130005000000000038223
001000490000000000000000980880000000000307088325410000000005146240005000000000108071
001000490000000000000000981180000000000307088325410000000000874400005000000000018362
001000490000000000000000982480000000000307088325410000000002148030005000000000045109
001000490000000000000000982580000000000307088325410000000011597880005000000000243555
001000490000000000000000982680000000000307088325410000000002308860005000000000048486
001000490000000000000000984780000000000307088325410000000000874440005000000000018363
001000490000000000000001052280000000000307088325410000000000742320005000000000015589
001000490000000000000001054980000000000307088325410000000011314590005000000000237606
001000490000000000000001057580000000000307088325410000000001766580005000000000037098
001000490000000000000001059080000000000307088325410000000000992680005000000000020846
001000490000000000000001062380000000000307088325410000000006484140005000000000136167
001000490000000000000001068780000000000307088325410000000000264560005000000000005556
001000490000000000000001069380000000000307088325410000000024086730005000000000505821
001000490000000000000001091080000000000307088325410000000000557300005000000000011703
001000490000000000000001104380000000000307088325410000000008840640005000000000185653
001000490000000000000001158980000000000307088325410000000002339720005000000000049134
001000490000000000000001159080000000000307088325410000000010400000005000000000218400
001000490000000000000001178180000000000307088325410000000003822360005000000000080270
001000490000000000000001182680000000000307088325410000000003742560005000000000078594
001000490000000000000001196680000000000307088325410000000001301970005000000000027341
001000490000000000000001202080000000000307088325410000000001238160005000000000026001
001000490000000000000001209480000000000307088325410000000000446920005000000000009385
001000490000000000000001216080000000000307088325410000000000688740005000000000014464
001000490000000000000001216780000000000307088325410000000002082200005000000000043726
