001000490000000000000001217880000000000307088325410000000008702790005000000000182759
001000490000000000000001218780000000000307088325410000000002301360005000000000048329
001000490000000000000001219480000000000307088325410000000004899000005000000000102879
001000490000000000000001220980000000000307088325410000000007924980005000000000166425
001000490000000000000001222980000000000307088325410000000000799440005000000000016788
001000490000000000000001240580000000000307088325410000000001590840005000000000033408
001000490000000000000001245580000000000307088325410000000006172010005000000000129612
001000490000000000000001253480000000000307088325410000000010137960005000000000212897
001000490000000000000001265480000000000307088325410000000009762840005000000000205020
001000490000000000000001281580000000000307088325410000000010161200005000000000213385
001000490000000000000001293780000000000307088325410000000002744940005000000000057644
001000490000000000000001296280000000000307088325410000000001280880005000000000026898
001000490000000000000001315980000000000307088325410000000005066580005000000000106398
001000490000000000000001322280000000000307088325410000000000979800005000000000020576
001000490000000000000001331780000000000307088325410000000000804030005000000000016885
001000490000000000000001353080000000000307088325410000000000477360005000000000010025
001000490000000000000001398280000000000307088325410000000001027800005000000000021584
001000490000000000000001405580000000000307088325410000000001211880005000000000025449
001000490000000000000001415780000000000307088325410000000001293730005000000000027168
001000490000000000000001418580000000000307088325410000000000208740005000000000004384
001000490000000000000001428680000000000307088325410000000002491800005000000000052328
001000490000000000000001431980000000000307088325410000000014957460005000000000314107
001000490000000000000001432280000000000307088325410000000007321920005000000000153760
001000490000000000000001439680000000000307088325410000000000977070005000000000020518
001000490000000000000001443980000000000307088325410000000000637800005000000000013394
001000490000000000000001461680000000000307088325410000000005653560005000000000118725
001000490000000000000001462680000000000307088325410000000001039440005000000000021828
001000490000000000000001464580000000000307088325410000000001951090005000000000040973
001000490000000000000001465480000000000307088325410000000006446160005000000000135369
001000490000000000000001473580000000000307088325410000000001243200005000000000026107
001000490000000000000001482980000000000307088325410000000009276360005000000000194804
001000490000000000000001585080000000000307088325410000000001904280005000000000039990
001000490000000000000001588580000000000307088325410000000006710260005000000000140915
001000490000000000000001615780000000000307088325410000000000359120005000000000007542
001000490000000000000001620780000000000307088325410000000013508640005000000000283681
